232.329000
20
24
1
190
130
1
310
130
0.000000
2.072000
0.003019
10
1.200000
0
0.000000
-0.002000
0.000000
0
1
0
1
0
0
1
0
590.000000
570.000000
570.000000
570.000000
550.000000
570.000000
530.000000
570.000000
510.000000
570.000000
490.000000
570.000000
490.000000
590.000000
490.000000
610.000000
490.000000
630.000000
490.000000
650.000000
490.000000
670.000000
510.000000
670.000000
530.000000
670.000000
550.000000
670.000000
570.000000
670.000000
590.000000
670.000000
590.000000
650.000000
590.000000
630.000000
590.000000
610.000000
590.000000
590.000000
590.000000
570.000000
590.000000
550.000000
590.000000
530.000000
590.000000
510.000000
